0 0.648926 0.0185547 0.0771484 0.0371094 0.313648
0 0.435547 0.981934 0.0761719 0.0361328 0.313694
0 0.872559 0.98291 0.0732422 0.0341797 0.324899
0 0.632812 0.914551 0.0351562 0.0283203 0.327246
0 0.53418 0.0161133 0.0605469 0.0322266 0.329394
0 0.61084 0.0185547 0.0712891 0.0371094 0.333521
0 0.523926 0.337891 0.0673828 0.0371094 0.335316
0 0.492676 0.98291 0.0751953 0.0341797 0.354039
0 0.938965 0.0180664 0.0712891 0.0361328 0.374577
0 0.559082 0.914551 0.0439453 0.0341797 0.376963
0 0.707031 0.983887 0.0644531 0.0283203 0.438505
0 0.262207 0.983398 0.0517578 0.0332031 0.451019
0 0.678711 0.0161133 0.0683594 0.0322266 0.468833
0 0.888184 0.0180664 0.0673828 0.0361328 0.470024
0 0.219727 0.015625 0.0605469 0.0292969 0.485176
0 0.483398 0.0166016 0.0664062 0.0332031 0.504921
0 0.967285 0.0195312 0.0615234 0.0390625 0.527145
0 0.386719 0.0161133 0.0566406 0.0322266 0.530544
0 0.762207 0.0170898 0.0556641 0.0341797 0.574565
0 0.29541 0.0170898 0.0595703 0.0341797 0.586541
0 0.838379 0.0170898 0.0556641 0.0302734 0.633429
